Input      : [2, 17, 9, 8, 11, 24, 19, 27, 18, 5, 27, 13, 26, 14, 21,1,2,1]
17 9 8 
24 19 
27 18 5 
27 13
26 14 
21 1
2 1 

Output : 17  


Input2 : [27, 222, 420, 7, 9, 6, 5, 4, 300, 21, 96, 49, 50, 57, 48, 81, 74, 66]

420 7 
9 6 5 4 
300 21 
96 49 
57 48 
81 74 66 

Output : 9 


Input3 : [28, 27, 9, 11, 57, 17, 69, 24, 13, 4, 85, 45, 18, 41 ]
28 27 9 
57 17 
69 24 13 4 
85 45 18 

Output : 69













[ 13, 27, 7, 9, 8, 5, 72, 30, 55, 24, 1, 16 ]


27 -> 7 -> 9 -> 8 -> 5 -> 72 














